[debug] [5 1 0 0 0 0 0 0 0 12 0 0 0 2 0 0 0 200 0 0 0 100 0 0 0 206 14 0 0 0 0 0 0 0 0 0 0 0 0 0 0] err <nil>
[debug] [0 0 0 0] err read tcp 172.19.25.64:8088->219.156.39.241:7188: wsarecv: An existing connection was forcibly closed by the remote host.
[debug] [5 1 0 0 0 0 0 0 0 12 0 0 0 2 0 0 0 100 0 0 0 200 0 0 0 206 14 0 0 0 0 0 0 0 0 0 0 0 0 0 0] err <nil>
[debug] [0 0 0 0] err read tcp 172.19.25.64:8088->219.156.39.241:7188: wsarecv: An existing connection was forcibly closed by the remote host.
[debug] [5 1 0 0 0 0 0 0 0 12 0 0 0 2 0 0 0 100 0 0 0 200 0 0 0 206 14 0 0 0 0 0 0 0 0 0 0 0 0 0 0] err <nil>
[debug] [0 0 0 0] err read tcp 172.19.25.64:8088->219.156.39.241:7188: wsarecv: An existing connection was forcibly closed by the remote host.
[debug] 2024-01-02 12:09:20.9967924 +0800 CST m=+10098.484372301 [5 1 0 0 0 0 0 0 0 12 0 0 0 2 0 0 0 100 0 0 0 200 0 0 0 206 14 0 0 0 0 0 0 0 0 0 0 0 0 0 0] err <nil>
[debug] 2024-01-02 12:09:22.9875663 +0800 CST m=+10100.475146101 [0 2 0 0 0 0 0 0 0 0 0 0 0 206 14 0 0 0 0 0 0 0 0 0 0 0 0 0 0] err <nil>
[debug] 2024-01-02 12:09:25.0365895 +0800 CST m=+10102.524169301 [0 3 0 0 0 0 0 0 0 0 0 0 0 206 14 0 0 0 0 0 0 0 0 0 0 0 0 0 0] err <nil>
[debug] 2024-01-02 12:09:27.0778185 +0800 CST m=+10104.565398301 [0 4 0 0 0 0 0 0 0 0 0 0 0 206 14 0 0 0 0 0 0 0 0 0 0 0 0 0 0] err <nil>
[debug] 2024-01-02 12:09:29.1061295 +0800 CST m=+10106.593709301 [0 5 0 0 0 0 0 0 0 0 0 0 0 206 14 0 0 0 0 0 0 0 0 0 0 0 0 0 0] err <nil>
[debug] 2024-01-02 12:09:31.1342172 +0800 CST m=+10108.621797001 [0 6 0 0 0 0 0 0 0 0 0 0 0 206 14 0 0 0 0 0 0 0 0 0 0 0 0 0 0] err <nil>
[debug] 2024-01-02 12:09:33.1843287 +0800 CST m=+10110.671908601 [0 7 0 0 0 0 0 0 0 0 0 0 0 206 14 0 0 0 0 0 0 0 0 0 0 0 0 0 0] err <nil>
[debug] 2024-01-02 12:09:35.2313673 +0800 CST m=+10112.718947201 [0 8 0 0 0 0 0 0 0 0 0 0 0 206 14 0 0 0 0 0 0 0 0 0 0 0 0 0 0] err <nil>
[debug] 2024-01-02 12:09:37.281363 +0800 CST m=+10114.768942801 [0 9 0 0 0 0 0 0 0 0 0 0 0 206 14 0 0 0 0 0 0 0 0 0 0 0 0 0 0] err <nil>
[debug] 2024-01-02 12:09:39.3181698 +0800 CST m=+10116.805749601 [0 10 0 0 0 0 0 0 0 0 0 0 0 206 14 0 0 0 0 0 0 0 0 0 0 0 0 0 0] err <nil>
[debug] 2024-01-02 12:09:41.3457439 +0800 CST m=+10118.833323701 [0 11 0 0 0 0 0 0 0 0 0 0 0 206 14 0 0 0 0 0 0 0 0 0 0 0 0 0 0] err <nil>
[debug] 2024-01-02 12:09:43.3929312 +0800 CST m=+10120.880511001 [0 12 0 0 0 0 0 0 0 0 0 0 0 206 14 0 0 0 0 0 0 0 0 0 0 0 0 0 0] err <nil>
[debug] 2024-01-02 12:09:45.4169621 +0800 CST m=+10122.904541901 [0 13 0 0 0 0 0 0 0 0 0 0 0 206 14 0 0 0 0 0 0 0 0 0 0 0 0 0 0] err <nil>
[debug] 2024-01-02 12:09:47.4550166 +0800 CST m=+10124.942596401 [0 14 0 0 0 0 0 0 0 0 0 0 0 206 14 0 0 0 0 0 0 0 0 0 0 0 0 0 0] err <nil>
[debug] 2024-01-02 12:09:49.4985587 +0800 CST m=+10126.986138501 [0 15 0 0 0 0 0 0 0 0 0 0 0 206 14 0 0 0 0 0 0 0 0 0 0 0 0 0 0] err <nil>
[debug] 2024-01-02 12:09:51.5340044 +0800 CST m=+10129.021584201 [0 16 0 0 0 0 0 0 0 0 0 0 0 206 14 0 0 0 0 0 0 0 0 0 0 0 0 0 0] err <nil>
[debug] 2024-01-02 12:09:53.5720495 +0800 CST m=+10131.059629301 [0 17 0 0 0 0 0 0 0 0 0 0 0 206 14 0 0 0 0 0 0 0 0 0 0 0 0 0 0] err <nil>
[debug] 2024-01-02 12:09:55.618823 +0800 CST m=+10133.106402901 [0 18 0 0 0 0 0 0 0 0 0 0 0 206 14 0 0 0 0 0 0 0 0 0 0 0 0 0 0] err <nil>
[debug] 2024-01-02 12:09:57.66138 +0800 CST m=+10135.148959901 [0 19 0 0 0 0 0 0 0 0 0 0 0 206 14 0 0 0 0 0 0 0 0 0 0 0 0 0 0] err <nil>
[debug] 2024-01-02 12:09:59.7078005 +0800 CST m=+10137.195380401 [0 20 0 0 0 0 0 0 0 0 0 0 0 206 14 0 0 0 0 0 0 0 0 0 0 0 0 0 0] err <nil>
[debug] 2024-01-02 12:10:01.7383587 +0800 CST m=+10139.225938501 [0 21 0 0 0 0 0 0 0 0 0 0 0 206 14 0 0 0 0 0 0 0 0 0 0 0 0 0 0] err <nil>
[debug] 2024-01-02 12:10:03.7855615 +0800 CST m=+10141.273141301 [0 22 0 0 0 0 0 0 0 0 0 0 0 206 14 0 0 0 0 0 0 0 0 0 0 0 0 0 0] err <nil>
[debug] 2024-01-02 12:10:05.8305672 +0800 CST m=+10143.318147001 [0 23 0 0 0 0 0 0 0 0 0 0 0 206 14 0 0 0 0 0 0 0 0 0 0 0 0 0 0] err <nil>
[debug] 2024-01-02 12:10:07.8767833 +0800 CST m=+10145.364363101 [0 24 0 0 0 0 0 0 0 0 0 0 0 206 14 0 0 0 0 0 0 0 0 0 0 0 0 0 0] err <nil>
[debug] 2024-01-02 12:10:09.9060253 +0800 CST m=+10147.393605201 [0 25 0 0 0 0 0 0 0 0 0 0 0 206 14 0 0 0 0 0 0 0 0 0 0 0 0 0 0] err <nil>
[debug] 2024-01-02 12:10:11.9542641 +0800 CST m=+10149.441843901 [0 26 0 0 0 0 0 0 0 0 0 0 0 206 14 0 0 0 0 0 0 0 0 0 0 0 0 0 0] err <nil>
[debug] 2024-01-02 12:10:13.9883474 +0800 CST m=+10151.475927201 [0 27 0 0 0 0 0 0 0 0 0 0 0 206 14 0 0 0 0 0 0 0 0 0 0 0 0 0 0] err <nil>
[debug] 2024-01-02 12:10:16.0372371 +0800 CST m=+10153.524816901 [0 28 0 0 0 0 0 0 0 0 0 0 0 206 14 0 0 0 0 0 0 0 0 0 0 0 0 0 0] err <nil>
[debug] 2024-01-02 12:10:18.0739325 +0800 CST m=+10155.561512301 [0 29 0 0 0 0 0 0 0 0 0 0 0 206 14 0 0 0 0 0 0 0 0 0 0 0 0 0 0] err <nil>
[debug] 2024-01-02 12:10:20.1184204 +0800 CST m=+10157.606000201 [0 30 0 0 0 0 0 0 0 0 0 0 0 206 14 0 0 0 0 0 0 0 0 0 0 0 0 0 0] err <nil>
[debug] 2024-01-02 12:10:22.1594974 +0800 CST m=+10159.647077301 [0 31 0 0 0 0 0 0 0 0 0 0 0 206 14 0 0 0 0 0 0 0 0 0 0 0 0 0 0] err <nil>
[debug] 2024-01-02 12:10:24.2024157 +0800 CST m=+10161.689995501 [0 32 0 0 0 0 0 0 0 0 0 0 0 206 14 0 0 0 0 0 0 0 0 0 0 0 0 0 0] err <nil>
[debug] 2024-01-02 12:10:26.2465723 +0800 CST m=+10163.734152101 [0 33 0 0 0 0 0 0 0 0 0 0 0 206 14 0 0 0 0 0 0 0 0 0 0 0 0 0 0] err <nil>
[debug] 2024-01-02 12:10:28.2888192 +0800 CST m=+10165.776399001 [0 34 0 0 0 0 0 0 0 0 0 0 0 206 14 0 0 0 0 0 0 0 0 0 0 0 0 0 0] err <nil>
[debug] 2024-01-02 12:10:30.3193904 +0800 CST m=+10167.806970301 [0 35 0 0 0 0 0 0 0 0 0 0 0 206 14 0 0 0 0 0 0 0 0 0 0 0 0 0 0] err <nil>
[debug] 2024-01-02 12:10:32.3643949 +0800 CST m=+10169.851974701 [0 36 0 0 0 0 0 0 0 0 0 0 0 206 14 0 0 0 0 0 0 0 0 0 0 0 0 0 0] err <nil>
[debug] 2024-01-02 12:10:34.4089869 +0800 CST m=+10171.896566701 [0 37 0 0 0 0 0 0 0 0 0 0 0 206 14 0 0 0 0 0 0 0 0 0 0 0 0 0 0] err <nil>
[debug] 2024-01-02 12:10:36.4511457 +0800 CST m=+10173.938725501 [0 38 0 0 0 0 0 0 0 0 0 0 0 206 14 0 0 0 0 0 0 0 0 0 0 0 0 0 0] err <nil>
[debug] 2024-01-02 12:10:38.5029981 +0800 CST m=+10175.990577901 [0 39 0 0 0 0 0 0 0 0 0 0 0 206 14 0 0 0 0 0 0 0 0 0 0 0 0 0 0] err <nil>
[debug] 2024-01-02 12:10:40.5265592 +0800 CST m=+10178.014139001 [0 40 0 0 0 0 0 0 0 0 0 0 0 206 14 0 0 0 0 0 0 0 0 0 0 0 0 0 0] err <nil>
[debug] 2024-01-02 12:10:42.5717463 +0800 CST m=+10180.059326201 [0 41 0 0 0 0 0 0 0 0 0 0 0 206 14 0 0 0 0 0 0 0 0 0 0 0 0 0 0] err <nil>
[debug] 2024-01-02 12:10:44.6124007 +0800 CST m=+10182.099980501 [0 42 0 0 0 0 0 0 0 0 0 0 0 206 14 0 0 0 0 0 0 0 0 0 0 0 0 0 0] err <nil>
[debug] 2024-01-02 12:10:46.657374 +0800 CST m=+10184.144953801 [0 43 0 0 0 0 0 0 0 0 0 0 0 206 14 0 0 0 0 0 0 0 0 0 0 0 0 0 0] err <nil>
[debug] 2024-01-02 12:10:48.6832257 +0800 CST m=+10186.170805501 [0 44 0 0 0 0 0 0 0 0 0 0 0 206 14 0 0 0 0 0 0 0 0 0 0 0 0 0 0] err <nil>
[debug] 2024-01-02 12:10:50.7292054 +0800 CST m=+10188.216785201 [0 45 0 0 0 0 0 0 0 0 0 0 0 206 14 0 0 0 0 0 0 0 0 0 0 0 0 0 0] err <nil>
[debug] 2024-01-02 12:10:52.7543058 +0800 CST m=+10190.241885601 [0 46 0 0 0 0 0 0 0 0 0 0 0 206 14 0 0 0 0 0 0 0 0 0 0 0 0 0 0] err <nil>
[debug] 2024-01-02 12:10:54.7858909 +0800 CST m=+10192.273470701 [0 47 0 0 0 0 0 0 0 0 0 0 0 206 14 0 0 0 0 0 0 0 0 0 0 0 0 0 0] err <nil>
[debug] 2024-01-02 12:10:56.8323945 +0800 CST m=+10194.319974301 [0 48 0 0 0 0 0 0 0 0 0 0 0 206 14 0 0 0 0 0 0 0 0 0 0 0 0 0 0] err <nil>
[debug] 2024-01-02 12:10:58.8700566 +0800 CST m=+10196.357636401 [0 49 0 0 0 0 0 0 0 0 0 0 0 206 14 0 0 0 0 0 0 0 0 0 0 0 0 0 0] err <nil>
[debug] 2024-01-02 12:11:00.9147866 +0800 CST m=+10198.402366401 [0 50 0 0 0 0 0 0 0 0 0 0 0 206 14 0 0 0 0 0 0 0 0 0 0 0 0 0 0] err <nil>
[debug] 2024-01-02 12:11:02.9615999 +0800 CST m=+10200.449179701 [0 51 0 0 0 0 0 0 0 0 0 0 0 206 14 0 0 0 0 0 0 0 0 0 0 0 0 0 0] err <nil>
[debug] 2024-01-02 12:11:05.003556 +0800 CST m=+10202.491135801 [0 52 0 0 0 0 0 0 0 0 0 0 0 206 14 0 0 0 0 0 0 0 0 0 0 0 0 0 0] err <nil>
[debug] 2024-01-02 12:11:07.0439568 +0800 CST m=+10204.531536601 [0 53 0 0 0 0 0 0 0 0 0 0 0 206 14 0 0 0 0 0 0 0 0 0 0 0 0 0 0] err <nil>
[debug] 2024-01-02 12:11:09.0746972 +0800 CST m=+10206.562277001 [0 54 0 0 0 0 0 0 0 0 0 0 0 206 14 0 0 0 0 0 0 0 0 0 0 0 0 0 0] err <nil>
[debug] 2024-01-02 12:11:11.1124007 +0800 CST m=+10208.599980501 [0 55 0 0 0 0 0 0 0 0 0 0 0 206 14 0 0 0 0 0 0 0 0 0 0 0 0 0 0] err <nil>
[debug] 2024-01-02 12:11:13.152008 +0800 CST m=+10210.639587901 [0 56 0 0 0 0 0 0 0 0 0 0 0 206 14 0 0 0 0 0 0 0 0 0 0 0 0 0 0] err <nil>
[debug] 2024-01-02 12:11:15.1805066 +0800 CST m=+10212.668086401 [0 57 0 0 0 0 0 0 0 0 0 0 0 206 14 0 0 0 0 0 0 0 0 0 0 0 0 0 0] err <nil>
[debug] 2024-01-02 12:11:17.2286217 +0800 CST m=+10214.716201501 [0 58 0 0 0 0 0 0 0 0 0 0 0 206 14 0 0 0 0 0 0 0 0 0 0 0 0 0 0] err <nil>
[debug] 2024-01-02 12:11:19.2804364 +0800 CST m=+10216.768016201 [0 59 0 0 0 0 0 0 0 0 0 0 0 206 14 0 0 0 0 0 0 0 0 0 0 0 0 0 0] err <nil>
[debug] 2024-01-02 12:11:21.3092053 +0800 CST m=+10218.796785201 [0 60 0 0 0 0 0 0 0 0 0 0 0 206 14 0 0 0 0 0 0 0 0 0 0 0 0 0 0] err <nil>
[debug] 2024-01-02 12:11:23.3342714 +0800 CST m=+10220.821851201 [0 61 0 0 0 0 0 0 0 0 0 0 0 206 14 0 0 0 0 0 0 0 0 0 0 0 0 0 0] err <nil>
[debug] 2024-01-02 12:11:25.375398 +0800 CST m=+10222.862977801 [0 62 0 0 0 0 0 0 0 0 0 0 0 206 14 0 0 0 0 0 0 0 0 0 0 0 0 0 0] err <nil>
[debug] 2024-01-02 12:11:27.4025518 +0800 CST m=+10224.890131601 [0 63 0 0 0 0 0 0 0 0 0 0 0 206 14 0 0 0 0 0 0 0 0 0 0 0 0 0 0] err <nil>
[debug] 2024-01-02 12:11:29.4487654 +0800 CST m=+10226.936345301 [0 64 0 0 0 0 0 0 0 0 0 0 0 206 14 0 0 0 0 0 0 0 0 0 0 0 0 0 0] err <nil>
[debug] 2024-01-02 12:11:31.485945 +0800 CST m=+10228.973524801 [0 65 0 0 0 0 0 0 0 0 0 0 0 206 14 0 0 0 0 0 0 0 0 0 0 0 0 0 0] err <nil>
[debug] 2024-01-02 12:11:33.5363035 +0800 CST m=+10231.023883401 [0 66 0 0 0 0 0 0 0 0 0 0 0 206 14 0 0 0 0 0 0 0 0 0 0 0 0 0 0] err <nil>
[debug] 2024-01-02 12:11:35.5573119 +0800 CST m=+10233.044891701 [0 67 0 0 0 0 0 0 0 0 0 0 0 206 14 0 0 0 0 0 0 0 0 0 0 0 0 0 0] err <nil>
[debug] 2024-01-02 12:11:37.6097738 +0800 CST m=+10235.097353601 [0 68 0 0 0 0 0 0 0 0 0 0 0 206 14 0 0 0 0 0 0 0 0 0 0 0 0 0 0] err <nil>
[debug] 2024-01-02 12:11:39.6558306 +0800 CST m=+10237.143410401 [0 69 0 0 0 0 0 0 0 0 0 0 0 206 14 0 0 0 0 0 0 0 0 0 0 0 0 0 0] err <nil>
[debug] 2024-01-02 12:11:41.6968011 +0800 CST m=+10239.184380901 [0 70 0 0 0 0 0 0 0 0 0 0 0 206 14 0 0 0 0 0 0 0 0 0 0 0 0 0 0] err <nil>
[debug] 2024-01-02 12:11:43.7265581 +0800 CST m=+10241.214137901 [0 71 0 0 0 0 0 0 0 0 0 0 0 206 14 0 0 0 0 0 0 0 0 0 0 0 0 0 0] err <nil>
[debug] 2024-01-02 12:11:45.7721622 +0800 CST m=+10243.259742001 [0 72 0 0 0 0 0 0 0 0 0 0 0 206 14 0 0 0 0 0 0 0 0 0 0 0 0 0 0] err <nil>
[debug] 2024-01-02 12:11:47.8148167 +0800 CST m=+10245.302396501 [0 73 0 0 0 0 0 0 0 0 0 0 0 206 14 0 0 0 0 0 0 0 0 0 0 0 0 0 0] err <nil>
[debug] 2024-01-02 12:11:49.8465225 +0800 CST m=+10247.334102401 [0 74 0 0 0 0 0 0 0 0 0 0 0 206 14 0 0 0 0 0 0 0 0 0 0 0 0 0 0] err <nil>
[debug] 2024-01-02 12:11:51.8720375 +0800 CST m=+10249.359617301 [0 75 0 0 0 0 0 0 0 0 0 0 0 206 14 0 0 0 0 0 0 0 0 0 0 0 0 0 0] err <nil>
[debug] 2024-01-02 12:11:53.9178878 +0800 CST m=+10251.405467601 [0 76 0 0 0 0 0 0 0 0 0 0 0 206 14 0 0 0 0 0 0 0 0 0 0 0 0 0 0] err <nil>
[debug] 2024-01-02 12:11:55.9465875 +0800 CST m=+10253.434167301 [0 77 0 0 0 0 0 0 0 0 0 0 0 206 14 0 0 0 0 0 0 0 0 0 0 0 0 0 0] err <nil>
[debug] 2024-01-02 12:11:57.988748 +0800 CST m=+10255.476327801 [0 78 0 0 0 0 0 0 0 0 0 0 0 206 14 0 0 0 0 0 0 0 0 0 0 0 0 0 0] err <nil>
[debug] 2024-01-02 12:12:00.0222128 +0800 CST m=+10257.509792601 [0 79 0 0 0 0 0 0 0 0 0 0 0 206 14 0 0 0 0 0 0 0 0 0 0 0 0 0 0] err <nil>
[debug] 2024-01-02 12:12:02.0707551 +0800 CST m=+10259.558334901 [0 80 0 0 0 0 0 0 0 0 0 0 0 206 14 0 0 0 0 0 0 0 0 0 0 0 0 0 0] err <nil>
[debug] 2024-01-02 12:12:04.1199765 +0800 CST m=+10261.607556301 [0 81 0 0 0 0 0 0 0 0 0 0 0 206 14 0 0 0 0 0 0 0 0 0 0 0 0 0 0] err <nil>
[debug] 2024-01-02 12:12:06.1599423 +0800 CST m=+10263.647522101 [0 82 0 0 0 0 0 0 0 0 0 0 0 206 14 0 0 0 0 0 0 0 0 0 0 0 0 0 0] err <nil>
[debug] 2024-01-02 12:12:08.1819399 +0800 CST m=+10265.669519701 [0 83 0 0 0 0 0 0 0 0 0 0 0 206 14 0 0 0 0 0 0 0 0 0 0 0 0 0 0] err <nil>
[debug] 2024-01-02 12:12:10.2286905 +0800 CST m=+10267.716270301 [0 84 0 0 0 0 0 0 0 0 0 0 0 206 14 0 0 0 0 0 0 0 0 0 0 0 0 0 0] err <nil>
[debug] 2024-01-02 12:12:12.2686702 +0800 CST m=+10269.756250001 [0 85 0 0 0 0 0 0 0 0 0 0 0 206 14 0 0 0 0 0 0 0 0 0 0 0 0 0 0] err <nil>
[debug] 2024-01-02 12:12:14.3056638 +0800 CST m=+10271.793243601 [0 86 0 0 0 0 0 0 0 0 0 0 0 206 14 0 0 0 0 0 0 0 0 0 0 0 0 0 0] err <nil>
[debug] 2024-01-02 12:12:16.3495844 +0800 CST m=+10273.837164201 [0 87 0 0 0 0 0 0 0 0 0 0 0 206 14 0 0 0 0 0 0 0 0 0 0 0 0 0 0] err <nil>
[debug] 2024-01-02 12:12:18.3711626 +0800 CST m=+10275.858742401 [0 88 0 0 0 0 0 0 0 0 0 0 0 206 14 0 0 0 0 0 0 0 0 0 0 0 0 0 0] err <nil>
[debug] 2024-01-02 12:12:19.4105385 +0800 CST m=+10276.898118301 [0 89 0 0 0 0 0 0 0 0 0 0 0 206 14 0 0 0 0 0 0 0 0 0 0 0 0 0 0] err <nil>
[debug] 2024-01-02 12:12:21.4464491 +0800 CST m=+10278.934028901 [0 90 0 0 0 0 0 0 0 0 0 0 0 206 14 0 0 0 0 0 0 0 0 0 0 0 0 0 0] err <nil>
[debug] 2024-01-02 12:12:23.4838797 +0800 CST m=+10280.971459501 [0 91 0 0 0 0 0 0 0 0 0 0 0 206 14 0 0 0 0 0 0 0 0 0 0 0 0 0 0] err <nil>
[debug] 2024-01-02 12:12:25.5279982 +0800 CST m=+10283.015578001 [0 92 0 0 0 0 0 0 0 0 0 0 0 206 14 0 0 0 0 0 0 0 0 0 0 0 0 0 0] err <nil>
[debug] 2024-01-02 12:12:27.5661858 +0800 CST m=+10285.053765601 [0 93 0 0 0 0 0 0 0 0 0 0 0 206 14 0 0 0 0 0 0 0 0 0 0 0 0 0 0] err <nil>
[debug] 2024-01-02 12:12:29.6126321 +0800 CST m=+10287.100211901 [0 94 0 0 0 0 0 0 0 0 0 0 0 206 14 0 0 0 0 0 0 0 0 0 0 0 0 0 0] err <nil>
[debug] 2024-01-02 12:12:31.657315 +0800 CST m=+10289.144894801 [0 95 0 0 0 0 0 0 0 0 0 0 0 206 14 0 0 0 0 0 0 0 0 0 0 0 0 0 0] err <nil>
[debug] 2024-01-02 12:12:33.6988771 +0800 CST m=+10291.186456901 [0 96 0 0 0 0 0 0 0 0 0 0 0 206 14 0 0 0 0 0 0 0 0 0 0 0 0 0 0] err <nil>
[debug] 2024-01-02 12:12:35.7401999 +0800 CST m=+10293.227779701 [0 97 0 0 0 0 0 0 0 0 0 0 0 206 14 0 0 0 0 0 0 0 0 0 0 0 0 0 0] err <nil>
[debug] 2024-01-02 12:12:37.773937 +0800 CST m=+10295.261516901 [0 98 0 0 0 0 0 0 0 0 0 0 0 206 14 0 0 0 0 0 0 0 0 0 0 0 0 0 0] err <nil>
[debug] 2024-01-02 12:12:39.8209756 +0800 CST m=+10297.308555501 [0 99 0 0 0 0 0 0 0 0 0 0 0 206 14 0 0 0 0 0 0 0 0 0 0 0 0 0 0] err <nil>
[debug] 2024-01-02 12:12:41.8645936 +0800 CST m=+10299.352173401 [0 100 0 0 0 0 0 0 0 0 0 0 0 206 14 0 0 0 0 0 0 0 0 0 0 0 0 0 0] err <nil>
[debug] 2024-01-02 12:12:43.910389 +0800 CST m=+10301.397968801 [0 101 0 0 0 0 0 0 0 0 0 0 0 206 14 0 0 0 0 0 0 0 0 0 0 0 0 0 0] err <nil>
[debug] 2024-01-02 12:12:45.9386987 +0800 CST m=+10303.426278501 [0 102 0 0 0 0 0 0 0 0 0 0 0 206 14 0 0 0 0 0 0 0 0 0 0 0 0 0 0] err <nil>
[debug] 2024-01-02 12:12:47.9783712 +0800 CST m=+10305.465951001 [0 103 0 0 0 0 0 0 0 0 0 0 0 206 14 0 0 0 0 0 0 0 0 0 0 0 0 0 0] err <nil>
[debug] 2024-01-02 12:12:50.0216012 +0800 CST m=+10307.509181001 [0 104 0 0 0 0 0 0 0 0 0 0 0 206 14 0 0 0 0 0 0 0 0 0 0 0 0 0 0] err <nil>
[debug] 2024-01-02 12:12:52.0415876 +0800 CST m=+10309.529167401 [0 105 0 0 0 0 0 0 0 0 0 0 0 206 14 0 0 0 0 0 0 0 0 0 0 0 0 0 0] err <nil>
[debug] 2024-01-02 12:12:54.0906071 +0800 CST m=+10311.578186901 [0 106 0 0 0 0 0 0 0 0 0 0 0 206 14 0 0 0 0 0 0 0 0 0 0 0 0 0 0] err <nil>
[debug] 2024-01-02 12:12:56.1337105 +0800 CST m=+10313.621290301 [0 107 0 0 0 0 0 0 0 0 0 0 0 206 14 0 0 0 0 0 0 0 0 0 0 0 0 0 0] err <nil>
[debug] 2024-01-02 12:12:58.17322 +0800 CST m=+10315.660799801 [0 108 0 0 0 0 0 0 0 0 0 0 0 206 14 0 0 0 0 0 0 0 0 0 0 0 0 0 0] err <nil>
[debug] 2024-01-02 12:13:00.2088557 +0800 CST m=+10317.696435501 [0 109 0 0 0 0 0 0 0 0 0 0 0 206 14 0 0 0 0 0 0 0 0 0 0 0 0 0 0] err <nil>
[debug] 2024-01-02 12:13:02.2466599 +0800 CST m=+10319.734239801 [0 110 0 0 0 0 0 0 0 0 0 0 0 206 14 0 0 0 0 0 0 0 0 0 0 0 0 0 0] err <nil>
[debug] 2024-01-02 12:13:04.2804102 +0800 CST m=+10321.767990001 [0 111 0 0 0 0 0 0 0 0 0 0 0 206 14 0 0 0 0 0 0 0 0 0 0 0 0 0 0] err <nil>
[debug] 2024-01-02 12:13:06.3244123 +0800 CST m=+10323.811992101 [0 112 0 0 0 0 0 0 0 0 0 0 0 206 14 0 0 0 0 0 0 0 0 0 0 0 0 0 0] err <nil>
[debug] 2024-01-02 12:13:08.3448771 +0800 CST m=+10325.832456901 [0 113 0 0 0 0 0 0 0 0 0 0 0 206 14 0 0 0 0 0 0 0 0 0 0 0 0 0 0] err <nil>
[debug] 2024-01-02 12:13:10.3939101 +0800 CST m=+10327.881490001 [0 114 0 0 0 0 0 0 0 0 0 0 0 206 14 0 0 0 0 0 0 0 0 0 0 0 0 0 0] err <nil>
[debug] 2024-01-02 12:13:12.4149079 +0800 CST m=+10329.902487701 [0 115 0 0 0 0 0 0 0 0 0 0 0 206 14 0 0 0 0 0 0 0 0 0 0 0 0 0 0] err <nil>
[debug] 2024-01-02 12:13:14.4628066 +0800 CST m=+10331.950386501 [0 116 0 0 0 0 0 0 0 0 0 0 0 206 14 0 0 0 0 0 0 0 0 0 0 0 0 0 0] err <nil>
[debug] 2024-01-02 12:13:16.4991248 +0800 CST m=+10333.986704601 [0 117 0 0 0 0 0 0 0 0 0 0 0 206 14 0 0 0 0 0 0 0 0 0 0 0 0 0 0] err <nil>
[debug] 2024-01-02 12:13:18.5367717 +0800 CST m=+10336.024351601 [0 118 0 0 0 0 0 0 0 0 0 0 0 206 14 0 0 0 0 0 0 0 0 0 0 0 0 0 0] err <nil>
[debug] 2024-01-02 12:13:20.5572705 +0800 CST m=+10338.044850301 [0 119 0 0 0 0 0 0 0 0 0 0 0 206 14 0 0 0 0 0 0 0 0 0 0 0 0 0 0] err <nil>
[debug] 2024-01-02 12:13:22.5834597 +0800 CST m=+10340.071039501 [0 120 0 0 0 0 0 0 0 0 0 0 0 206 14 0 0 0 0 0 0 0 0 0 0 0 0 0 0] err <nil>
[debug] 2024-01-02 12:13:24.6263526 +0800 CST m=+10342.113932401 [0 121 0 0 0 0 0 0 0 0 0 0 0 206 14 0 0 0 0 0 0 0 0 0 0 0 0 0 0] err <nil>
[debug] 2024-01-02 12:13:26.6595351 +0800 CST m=+10344.147115001 [0 122 0 0 0 0 0 0 0 0 0 0 0 206 14 0 0 0 0 0 0 0 0 0 0 0 0 0 0] err <nil>
[debug] 2024-01-02 12:13:28.7110852 +0800 CST m=+10346.198665101 [0 123 0 0 0 0 0 0 0 0 0 0 0 206 14 0 0 0 0 0 0 0 0 0 0 0 0 0 0] err <nil>
[debug] 2024-01-02 12:13:30.7467767 +0800 CST m=+10348.234356501 [0 124 0 0 0 0 0 0 0 0 0 0 0 206 14 0 0 0 0 0 0 0 0 0 0 0 0 0 0] err <nil>
[debug] 2024-01-02 12:13:32.7778182 +0800 CST m=+10350.265398001 [0 125 0 0 0 0 0 0 0 0 0 0 0 206 14 0 0 0 0 0 0 0 0 0 0 0 0 0 0] err <nil>
[debug] 2024-01-02 12:13:34.8218301 +0800 CST m=+10352.309409901 [0 126 0 0 0 0 0 0 0 0 0 0 0 206 14 0 0 0 0 0 0 0 0 0 0 0 0 0 0] err <nil>
[debug] 2024-01-02 12:13:36.8653161 +0800 CST m=+10354.352895901 [0 127 0 0 0 0 0 0 0 0 0 0 0 206 14 0 0 0 0 0 0 0 0 0 0 0 0 0 0] err <nil>
[debug] 2024-01-02 12:13:38.9149197 +0800 CST m=+10356.402499601 [0 128 0 0 0 0 0 0 0 0 0 0 0 206 14 0 0 0 0 0 0 0 0 0 0 0 0 0 0] err <nil>
[debug] 2024-01-02 12:13:40.9582525 +0800 CST m=+10358.445832401 [0 129 0 0 0 0 0 0 0 0 0 0 0 206 14 0 0 0 0 0 0 0 0 0 0 0 0 0 0] err <nil>
[debug] 2024-01-02 12:13:43.0015178 +0800 CST m=+10360.489097601 [0 130 0 0 0 0 0 0 0 0 0 0 0 206 14 0 0 0 0 0 0 0 0 0 0 0 0 0 0] err <nil>
[debug] 2024-01-02 12:13:45.0515535 +0800 CST m=+10362.539133301 [0 131 0 0 0 0 0 0 0 0 0 0 0 206 14 0 0 0 0 0 0 0 0 0 0 0 0 0 0] err <nil>
[debug] 2024-01-02 12:13:47.0716427 +0800 CST m=+10364.559222501 [0 132 0 0 0 0 0 0 0 0 0 0 0 206 14 0 0 0 0 0 0 0 0 0 0 0 0 0 0] err <nil>
[debug] 2024-01-02 12:13:49.1219857 +0800 CST m=+10366.609565501 [0 133 0 0 0 0 0 0 0 0 0 0 0 206 14 0 0 0 0 0 0 0 0 0 0 0 0 0 0] err <nil>
[debug] 2024-01-02 12:13:51.1633126 +0800 CST m=+10368.650892401 [0 134 0 0 0 0 0 0 0 0 0 0 0 206 14 0 0 0 0 0 0 0 0 0 0 0 0 0 0] err <nil>
[debug] 2024-01-02 12:13:53.2047432 +0800 CST m=+10370.692323001 [0 135 0 0 0 0 0 0 0 0 0 0 0 206 14 0 0 0 0 0 0 0 0 0 0 0 0 0 0] err <nil>
[debug] 2024-01-02 12:13:55.2504014 +0800 CST m=+10372.737981201 [0 136 0 0 0 0 0 0 0 0 0 0 0 206 14 0 0 0 0 0 0 0 0 0 0 0 0 0 0] err <nil>
[debug] 2024-01-02 12:13:57.292627 +0800 CST m=+10374.780206801 [0 137 0 0 0 0 0 0 0 0 0 0 0 206 14 0 0 0 0 0 0 0 0 0 0 0 0 0 0] err <nil>
[debug] 2024-01-02 12:13:59.3254278 +0800 CST m=+10376.813007601 [0 138 0 0 0 0 0 0 0 0 0 0 0 206 14 0 0 0 0 0 0 0 0 0 0 0 0 0 0] err <nil>
[debug] 2024-01-02 12:14:01.3758907 +0800 CST m=+10378.863470601 [0 139 0 0 0 0 0 0 0 0 0 0 0 206 14 0 0 0 0 0 0 0 0 0 0 0 0 0 0] err <nil>
[debug] 2024-01-02 12:14:02.4103279 +0800 CST m=+10379.897907801 [0 140 0 0 0 0 0 0 0 0 0 0 0 206 14 0 0 0 0 0 0 0 0 0 0 0 0 0 0] err <nil>
[debug] 2024-01-02 12:14:04.453662 +0800 CST m=+10381.941241801 [0 141 0 0 0 0 0 0 0 0 0 0 0 206 14 0 0 0 0 0 0 0 0 0 0 0 0 0 0] err <nil>
[debug] 2024-01-02 12:14:06.4896623 +0800 CST m=+10383.977242101 [0 142 0 0 0 0 0 0 0 0 0 0 0 206 14 0 0 0 0 0 0 0 0 0 0 0 0 0 0] err <nil>
[debug] 2024-01-02 12:14:08.5211191 +0800 CST m=+10386.008698901 [0 143 0 0 0 0 0 0 0 0 0 0 0 206 14 0 0 0 0 0 0 0 0 0 0 0 0 0 0] err <nil>
[debug] 2024-01-02 12:14:10.5670255 +0800 CST m=+10388.054605301 [0 144 0 0 0 0 0 0 0 0 0 0 0 206 14 0 0 0 0 0 0 0 0 0 0 0 0 0 0] err <nil>
[debug] 2024-01-02 12:14:12.6159324 +0800 CST m=+10390.103512201 [0 145 0 0 0 0 0 0 0 0 0 0 0 206 14 0 0 0 0 0 0 0 0 0 0 0 0 0 0] err <nil>
[debug] 2024-01-02 12:14:14.6381155 +0800 CST m=+10392.125695301 [0 146 0 0 0 0 0 0 0 0 0 0 0 206 14 0 0 0 0 0 0 0 0 0 0 0 0 0 0] err <nil>
[debug] 2024-01-02 12:14:16.697033 +0800 CST m=+10394.184612801 [0 147 0 0 0 0 0 0 0 0 0 0 0 206 14 0 0 0 0 0 0 0 0 0 0 0 0 0 0] err <nil>
[debug] 2024-01-02 12:14:18.7284271 +0800 CST m=+10396.216006901 [0 148 0 0 0 0 0 0 0 0 0 0 0 206 14 0 0 0 0 0 0 0 0 0 0 0 0 0 0] err <nil>
[debug] 2024-01-02 12:14:20.7537487 +0800 CST m=+10398.241328601 [0 149 0 0 0 0 0 0 0 0 0 0 0 206 14 0 0 0 0 0 0 0 0 0 0 0 0 0 0] err <nil>
[debug] 2024-01-02 12:14:22.8036424 +0800 CST m=+10400.291222201 [0 150 0 0 0 0 0 0 0 0 0 0 0 206 14 0 0 0 0 0 0 0 0 0 0 0 0 0 0] err <nil>
[debug] 2024-01-02 12:14:24.8488987 +0800 CST m=+10402.336478501 [0 151 0 0 0 0 0 0 0 0 0 0 0 206 14 0 0 0 0 0 0 0 0 0 0 0 0 0 0] err <nil>
[debug] 2024-01-02 12:14:26.8855577 +0800 CST m=+10404.373137501 [0 152 0 0 0 0 0 0 0 0 0 0 0 206 14 0 0 0 0 0 0 0 0 0 0 0 0 0 0] err <nil>
[debug] 2024-01-02 12:14:28.9172566 +0800 CST m=+10406.404836401 [0 153 0 0 0 0 0 0 0 0 0 0 0 206 14 0 0 0 0 0 0 0 0 0 0 0 0 0 0] err <nil>
[debug] 2024-01-02 12:14:30.9666656 +0800 CST m=+10408.454245501 [0 154 0 0 0 0 0 0 0 0 0 0 0 206 14 0 0 0 0 0 0 0 0 0 0 0 0 0 0] err <nil>
[debug] 2024-01-02 12:14:33.0017963 +0800 CST m=+10410.489376101 [0 155 0 0 0 0 0 0 0 0 0 0 0 206 14 0 0 0 0 0 0 0 0 0 0 0 0 0 0] err <nil>
[debug] 2024-01-02 12:14:35.0469961 +0800 CST m=+10412.534576001 [0 156 0 0 0 0 0 0 0 0 0 0 0 206 14 0 0 0 0 0 0 0 0 0 0 0 0 0 0] err <nil>
[debug] 2024-01-02 12:14:37.0917855 +0800 CST m=+10414.579365401 [0 157 0 0 0 0 0 0 0 0 0 0 0 206 14 0 0 0 0 0 0 0 0 0 0 0 0 0 0] err <nil>
[debug] 2024-01-02 12:14:39.1322248 +0800 CST m=+10416.619804701 [0 158 0 0 0 0 0 0 0 0 0 0 0 206 14 0 0 0 0 0 0 0 0 0 0 0 0 0 0] err <nil>
[debug] 2024-01-02 12:14:41.1572601 +0800 CST m=+10418.644839901 [0 159 0 0 0 0 0 0 0 0 0 0 0 206 14 0 0 0 0 0 0 0 0 0 0 0 0 0 0] err <nil>
[debug] 2024-01-02 12:14:43.2062665 +0800 CST m=+10420.693846301 [0 160 0 0 0 0 0 0 0 0 0 0 0 206 14 0 0 0 0 0 0 0 0 0 0 0 0 0 0] err <nil>
[debug] 2024-01-02 12:14:45.2556793 +0800 CST m=+10422.743259101 [0 161 0 0 0 0 0 0 0 0 0 0 0 206 14 0 0 0 0 0 0 0 0 0 0 0 0 0 0] err <nil>
[debug] 2024-01-02 12:14:47.2978938 +0800 CST m=+10424.785473601 [0 162 0 0 0 0 0 0 0 0 0 0 0 206 14 0 0 0 0 0 0 0 0 0 0 0 0 0 0] err <nil>
[debug] 2024-01-02 12:14:49.3445605 +0800 CST m=+10426.832140301 [0 163 0 0 0 0 0 0 0 0 0 0 0 206 14 0 0 0 0 0 0 0 0 0 0 0 0 0 0] err <nil>
[debug] 2024-01-02 12:14:51.3862647 +0800 CST m=+10428.873844501 [0 164 0 0 0 0 0 0 0 0 0 0 0 206 14 0 0 0 0 0 0 0 0 0 0 0 0 0 0] err <nil>
[debug] 2024-01-02 12:14:53.4292657 +0800 CST m=+10430.916845501 [0 165 0 0 0 0 0 0 0 0 0 0 0 206 14 0 0 0 0 0 0 0 0 0 0 0 0 0 0] err <nil>
[debug] 2024-01-02 12:14:55.4735328 +0800 CST m=+10432.961112701 [0 166 0 0 0 0 0 0 0 0 0 0 0 206 14 0 0 0 0 0 0 0 0 0 0 0 0 0 0] err <nil>
[debug] 2024-01-02 12:14:57.5033066 +0800 CST m=+10434.990886401 [0 167 0 0 0 0 0 0 0 0 0 0 0 206 14 0 0 0 0 0 0 0 0 0 0 0 0 0 0] err <nil>
[debug] 2024-01-02 12:14:59.5490848 +0800 CST m=+10437.036664601 [0 168 0 0 0 0 0 0 0 0 0 0 0 206 14 0 0 0 0 0 0 0 0 0 0 0 0 0 0] err <nil>
[debug] 2024-01-02 12:15:01.5951841 +0800 CST m=+10439.082763901 [0 169 0 0 0 0 0 0 0 0 0 0 0 206 14 0 0 0 0 0 0 0 0 0 0 0 0 0 0] err <nil>
[debug] 2024-01-02 12:15:03.632811 +0800 CST m=+10441.120390801 [0 170 0 0 0 0 0 0 0 0 0 0 0 206 14 0 0 0 0 0 0 0 0 0 0 0 0 0 0] err <nil>
[debug] 2024-01-02 12:15:05.659785 +0800 CST m=+10443.147364801 [0 171 0 0 0 0 0 0 0 0 0 0 0 206 14 0 0 0 0 0 0 0 0 0 0 0 0 0 0] err <nil>
[debug] 2024-01-02 12:15:07.6945814 +0800 CST m=+10445.182161201 [0 172 0 0 0 0 0 0 0 0 0 0 0 206 14 0 0 0 0 0 0 0 0 0 0 0 0 0 0] err <nil>
[debug] 2024-01-02 12:15:09.7371216 +0800 CST m=+10447.224701401 [0 173 0 0 0 0 0 0 0 0 0 0 0 206 14 0 0 0 0 0 0 0 0 0 0 0 0 0 0] err <nil>
[debug] 2024-01-02 12:15:11.7848603 +0800 CST m=+10449.272440101 [0 174 0 0 0 0 0 0 0 0 0 0 0 206 14 0 0 0 0 0 0 0 0 0 0 0 0 0 0] err <nil>
[debug] 2024-01-02 12:15:13.8091095 +0800 CST m=+10451.296689301 [0 175 0 0 0 0 0 0 0 0 0 0 0 206 14 0 0 0 0 0 0 0 0 0 0 0 0 0 0] err <nil>
[debug] 2024-01-02 12:15:15.8491388 +0800 CST m=+10453.336718601 [0 176 0 0 0 0 0 0 0 0 0 0 0 206 14 0 0 0 0 0 0 0 0 0 0 0 0 0 0] err <nil>
[debug] 2024-01-02 12:15:17.8828657 +0800 CST m=+10455.370445501 [0 177 0 0 0 0 0 0 0 0 0 0 0 206 14 0 0 0 0 0 0 0 0 0 0 0 0 0 0] err <nil>
[debug] 2024-01-02 12:15:19.9327949 +0800 CST m=+10457.420374801 [0 178 0 0 0 0 0 0 0 0 0 0 0 206 14 0 0 0 0 0 0 0 0 0 0 0 0 0 0] err <nil>
[debug] 2024-01-02 12:15:21.9584066 +0800 CST m=+10459.445986401 [0 179 0 0 0 0 0 0 0 0 0 0 0 206 14 0 0 0 0 0 0 0 0 0 0 0 0 0 0] err <nil>
[debug] 2024-01-02 12:15:24.0032214 +0800 CST m=+10461.490801201 [0 180 0 0 0 0 0 0 0 0 0 0 0 206 14 0 0 0 0 0 0 0 0 0 0 0 0 0 0] err <nil>
[debug] 2024-01-02 12:15:26.0395809 +0800 CST m=+10463.527160701 [0 181 0 0 0 0 0 0 0 0 0 0 0 206 14 0 0 0 0 0 0 0 0 0 0 0 0 0 0] err <nil>
[debug] 2024-01-02 12:15:28.0751568 +0800 CST m=+10465.562736601 [0 182 0 0 0 0 0 0 0 0 0 0 0 206 14 0 0 0 0 0 0 0 0 0 0 0 0 0 0] err <nil>
[debug] 2024-01-02 12:15:30.1185359 +0800 CST m=+10467.606115701 [0 183 0 0 0 0 0 0 0 0 0 0 0 206 14 0 0 0 0 0 0 0 0 0 0 0 0 0 0] err <nil>
[debug] 2024-01-02 12:15:32.1447079 +0800 CST m=+10469.632287701 [0 184 0 0 0 0 0 0 0 0 0 0 0 206 14 0 0 0 0 0 0 0 0 0 0 0 0 0 0] err <nil>
[debug] 2024-01-02 12:15:34.1955166 +0800 CST m=+10471.683096401 [0 185 0 0 0 0 0 0 0 0 0 0 0 206 14 0 0 0 0 0 0 0 0 0 0 0 0 0 0] err <nil>
[debug] 2024-01-02 12:15:36.2324016 +0800 CST m=+10473.719981401 [0 186 0 0 0 0 0 0 0 0 0 0 0 206 14 0 0 0 0 0 0 0 0 0 0 0 0 0 0] err <nil>
[debug] 2024-01-02 12:15:38.2745412 +0800 CST m=+10475.762121001 [0 187 0 0 0 0 0 0 0 0 0 0 0 206 14 0 0 0 0 0 0 0 0 0 0 0 0 0 0] err <nil>
[debug] 2024-01-02 12:15:40.3176156 +0800 CST m=+10477.805195401 [0 188 0 0 0 0 0 0 0 0 0 0 0 206 14 0 0 0 0 0 0 0 0 0 0 0 0 0 0] err <nil>
[debug] 2024-01-02 12:15:42.3541398 +0800 CST m=+10479.841719601 [0 189 0 0 0 0 0 0 0 0 0 0 0 206 14 0 0 0 0 0 0 0 0 0 0 0 0 0 0] err <nil>
[debug] 2024-01-02 12:15:44.383272 +0800 CST m=+10481.870851801 [0 190 0 0 0 0 0 0 0 0 0 0 0 206 14 0 0 0 0 0 0 0 0 0 0 0 0 0 0] err <nil>
[debug] 2024-01-02 12:15:46.4218758 +0800 CST m=+10483.909455601 [0 191 0 0 0 0 0 0 0 0 0 0 0 206 14 0 0 0 0 0 0 0 0 0 0 0 0 0 0] err <nil>
[debug] 2024-01-02 12:15:48.4693728 +0800 CST m=+10485.956952601 [0 192 0 0 0 0 0 0 0 0 0 0 0 206 14 0 0 0 0 0 0 0 0 0 0 0 0 0 0] err <nil>
[debug] 2024-01-02 12:15:50.4833853 +0800 CST m=+10487.970965101 [0 193 0 0 0 0 0 0 0 0 0 0 0 206 14 0 0 0 0 0 0 0 0 0 0 0 0 0 0] err <nil>
[debug] 2024-01-02 12:15:52.5201598 +0800 CST m=+10490.007739601 [0 194 0 0 0 0 0 0 0 0 0 0 0 206 14 0 0 0 0 0 0 0 0 0 0 0 0 0 0] err <nil>
[debug] 2024-01-02 12:15:54.5639907 +0800 CST m=+10492.051570501 [0 195 0 0 0 0 0 0 0 0 0 0 0 206 14 0 0 0 0 0 0 0 0 0 0 0 0 0 0] err <nil>
[debug] 2024-01-02 12:15:56.5965375 +0800 CST m=+10494.084117301 [0 196 0 0 0 0 0 0 0 0 0 0 0 206 14 0 0 0 0 0 0 0 0 0 0 0 0 0 0] err <nil>
[debug] 2024-01-02 12:15:58.6450704 +0800 CST m=+10496.132650201 [0 197 0 0 0 0 0 0 0 0 0 0 0 206 14 0 0 0 0 0 0 0 0 0 0 0 0 0 0] err <nil>
[debug] 2024-01-02 12:16:00.683095 +0800 CST m=+10498.170674801 [0 198 0 0 0 0 0 0 0 0 0 0 0 206 14 0 0 0 0 0 0 0 0 0 0 0 0 0 0] err <nil>
[debug] 2024-01-02 12:16:02.7283227 +0800 CST m=+10500.215902501 [0 199 0 0 0 0 0 0 0 0 0 0 0 206 14 0 0 0 0 0 0 0 0 0 0 0 0 0 0] err <nil>
[debug] 2024-01-02 12:16:04.7674287 +0800 CST m=+10502.255008501 [0 200 0 0 0 0 0 0 0 0 0 0 0 206 14 0 0 0 0 0 0 0 0 0 0 0 0 0 0] err <nil>
[debug] 2024-01-02 12:16:06.8038148 +0800 CST m=+10504.291394601 [0 201 0 0 0 0 0 0 0 0 0 0 0 206 14 0 0 0 0 0 0 0 0 0 0 0 0 0 0] err <nil>
[debug] 2024-01-02 12:16:08.8461441 +0800 CST m=+10506.333723901 [0 202 0 0 0 0 0 0 0 0 0 0 0 206 14 0 0 0 0 0 0 0 0 0 0 0 0 0 0] err <nil>
[debug] 2024-01-02 12:16:10.8847139 +0800 CST m=+10508.372293701 [0 203 0 0 0 0 0 0 0 0 0 0 0 206 14 0 0 0 0 0 0 0 0 0 0 0 0 0 0] err <nil>
[debug] 2024-01-02 12:16:12.9244888 +0800 CST m=+10510.412068601 [0 204 0 0 0 0 0 0 0 0 0 0 0 206 14 0 0 0 0 0 0 0 0 0 0 0 0 0 0] err <nil>
[debug] 2024-01-02 12:16:14.9406297 +0800 CST m=+10512.428209501 [0 205 0 0 0 0 0 0 0 0 0 0 0 206 14 0 0 0 0 0 0 0 0 0 0 0 0 0 0] err <nil>
[debug] 2024-01-02 12:16:16.9747969 +0800 CST m=+10514.462376701 [0 206 0 0 0 0 0 0 0 0 0 0 0 206 14 0 0 0 0 0 0 0 0 0 0 0 0 0 0] err <nil>
[debug] 2024-01-02 12:16:19.0045698 +0800 CST m=+10516.492149601 [0 207 0 0 0 0 0 0 0 0 0 0 0 206 14 0 0 0 0 0 0 0 0 0 0 0 0 0 0] err <nil>
[debug] 2024-01-02 12:16:21.0546469 +0800 CST m=+10518.542226801 [0 208 0 0 0 0 0 0 0 0 0 0 0 206 14 0 0 0 0 0 0 0 0 0 0 0 0 0 0] err <nil>
[debug] 2024-01-02 12:16:23.0839955 +0800 CST m=+10520.571575301 [0 209 0 0 0 0 0 0 0 0 0 0 0 206 14 0 0 0 0 0 0 0 0 0 0 0 0 0 0] err <nil>
[debug] 2024-01-02 12:16:25.1300375 +0800 CST m=+10522.617617301 [0 210 0 0 0 0 0 0 0 0 0 0 0 206 14 0 0 0 0 0 0 0 0 0 0 0 0 0 0] err <nil>
[debug] 2024-01-02 12:16:27.1643432 +0800 CST m=+10524.651923001 [0 211 0 0 0 0 0 0 0 0 0 0 0 206 14 0 0 0 0 0 0 0 0 0 0 0 0 0 0] err <nil>
[debug] 2024-01-02 12:16:29.2118172 +0800 CST m=+10526.699397001 [0 212 0 0 0 0 0 0 0 0 0 0 0 206 14 0 0 0 0 0 0 0 0 0 0 0 0 0 0] err <nil>
[debug] 2024-01-02 12:16:31.2405964 +0800 CST m=+10528.728176201 [0 213 0 0 0 0 0 0 0 0 0 0 0 206 14 0 0 0 0 0 0 0 0 0 0 0 0 0 0] err <nil>
[debug] 2024-01-02 12:16:33.2975714 +0800 CST m=+10530.785151301 [0 214 0 0 0 0 0 0 0 0 0 0 0 206 14 0 0 0 0 0 0 0 0 0 0 0 0 0 0] err <nil>
[debug] 2024-01-02 12:16:35.331801 +0800 CST m=+10532.819380801 [0 215 0 0 0 0 0 0 0 0 0 0 0 206 14 0 0 0 0 0 0 0 0 0 0 0 0 0 0] err <nil>
[debug] 2024-01-02 12:16:37.3612474 +0800 CST m=+10534.848827201 [0 216 0 0 0 0 0 0 0 0 0 0 0 206 14 0 0 0 0 0 0 0 0 0 0 0 0 0 0] err <nil>
[debug] 2024-01-02 12:16:39.390684 +0800 CST m=+10536.878263801 [0 217 0 0 0 0 0 0 0 0 0 0 0 206 14 0 0 0 0 0 0 0 0 0 0 0 0 0 0] err <nil>
[debug] 2024-01-02 12:16:40.4265049 +0800 CST m=+10537.914084701 [0 218 0 0 0 0 0 0 0 0 0 0 0 206 14 0 0 0 0 0 0 0 0 0 0 0 0 0 0] err <nil>
[debug] 2024-01-02 12:16:42.4693904 +0800 CST m=+10539.956970201 [0 219 0 0 0 0 0 0 0 0 0 0 0 206 14 0 0 0 0 0 0 0 0 0 0 0 0 0 0] err <nil>
[debug] 2024-01-02 12:16:44.5118454 +0800 CST m=+10541.999425201 [0 220 0 0 0 0 0 0 0 0 0 0 0 206 14 0 0 0 0 0 0 0 0 0 0 0 0 0 0] err <nil>
[debug] 2024-01-02 12:16:46.5577125 +0800 CST m=+10544.045292301 [0 221 0 0 0 0 0 0 0 0 0 0 0 206 14 0 0 0 0 0 0 0 0 0 0 0 0 0 0] err <nil>
[debug] 2024-01-02 12:16:48.6007041 +0800 CST m=+10546.088283901 [0 222 0 0 0 0 0 0 0 0 0 0 0 206 14 0 0 0 0 0 0 0 0 0 0 0 0 0 0] err <nil>
[debug] 2024-01-02 12:16:50.6405032 +0800 CST m=+10548.128083001 [0 223 0 0 0 0 0 0 0 0 0 0 0 206 14 0 0 0 0 0 0 0 0 0 0 0 0 0 0] err <nil>
[debug] 2024-01-02 12:16:52.6862634 +0800 CST m=+10550.173843201 [0 224 0 0 0 0 0 0 0 0 0 0 0 206 14 0 0 0 0 0 0 0 0 0 0 0 0 0 0] err <nil>
[debug] 2024-01-02 12:16:54.7313452 +0800 CST m=+10552.218925001 [0 225 0 0 0 0 0 0 0 0 0 0 0 206 14 0 0 0 0 0 0 0 0 0 0 0 0 0 0] err <nil>
[debug] 2024-01-02 12:16:56.7722371 +0800 CST m=+10554.259817001 [0 226 0 0 0 0 0 0 0 0 0 0 0 206 14 0 0 0 0 0 0 0 0 0 0 0 0 0 0] err <nil>
[debug] 2024-01-02 12:16:58.797 +0800 CST m=+10556.284579901 [0 227 0 0 0 0 0 0 0 0 0 0 0 206 14 0 0 0 0 0 0 0 0 0 0 0 0 0 0] err <nil>
[debug] 2024-01-02 12:17:00.8448263 +0800 CST m=+10558.332406101 [0 228 0 0 0 0 0 0 0 0 0 0 0 206 14 0 0 0 0 0 0 0 0 0 0 0 0 0 0] err <nil>
[debug] 2024-01-02 12:17:02.9051365 +0800 CST m=+10560.392716301 [0 229 0 0 0 0 0 0 0 0 0 0 0 206 14 0 0 0 0 0 0 0 0 0 0 0 0 0 0] err <nil>
[debug] 2024-01-02 12:17:04.9504039 +0800 CST m=+10562.437983701 [0 230 0 0 0 0 0 0 0 0 0 0 0 206 14 0 0 0 0 0 0 0 0 0 0 0 0 0 0] err <nil>
[debug] 2024-01-02 12:17:06.9863219 +0800 CST m=+10564.473901701 [0 231 0 0 0 0 0 0 0 0 0 0 0 206 14 0 0 0 0 0 0 0 0 0 0 0 0 0 0] err <nil>
[debug] 2024-01-02 12:17:09.0316507 +0800 CST m=+10566.519230501 [0 232 0 0 0 0 0 0 0 0 0 0 0 206 14 0 0 0 0 0 0 0 0 0 0 0 0 0 0] err <nil>
[debug] 2024-01-02 12:17:11.075618 +0800 CST m=+10568.563197801 [0 233 0 0 0 0 0 0 0 0 0 0 0 206 14 0 0 0 0 0 0 0 0 0 0 0 0 0 0] err <nil>
[debug] 2024-01-02 12:17:13.1047081 +0800 CST m=+10570.592287901 [0 234 0 0 0 0 0 0 0 0 0 0 0 206 14 0 0 0 0 0 0 0 0 0 0 0 0 0 0] err <nil>
[debug] 2024-01-02 12:17:15.148301 +0800 CST m=+10572.635880801 [0 235 0 0 0 0 0 0 0 0 0 0 0 206 14 0 0 0 0 0 0 0 0 0 0 0 0 0 0] err <nil>
[debug] 2024-01-02 12:17:17.1796722 +0800 CST m=+10574.667252101 [0 236 0 0 0 0 0 0 0 0 0 0 0 206 14 0 0 0 0 0 0 0 0 0 0 0 0 0 0] err <nil>
[debug] 2024-01-02 12:17:19.2237653 +0800 CST m=+10576.711345101 [0 237 0 0 0 0 0 0 0 0 0 0 0 206 14 0 0 0 0 0 0 0 0 0 0 0 0 0 0] err <nil>
[debug] 2024-01-02 12:17:21.268379 +0800 CST m=+10578.755958801 [0 238 0 0 0 0 0 0 0 0 0 0 0 206 14 0 0 0 0 0 0 0 0 0 0 0 0 0 0] err <nil>
[debug] 2024-01-02 12:17:23.3157231 +0800 CST m=+10580.803303001 [0 239 0 0 0 0 0 0 0 0 0 0 0 206 14 0 0 0 0 0 0 0 0 0 0 0 0 0 0] err <nil>
[debug] 2024-01-02 12:17:25.3573925 +0800 CST m=+10582.844972301 [0 240 0 0 0 0 0 0 0 0 0 0 0 206 14 0 0 0 0 0 0 0 0 0 0 0 0 0 0] err <nil>
[debug] 2024-01-02 12:17:27.3940617 +0800 CST m=+10584.881641501 [0 241 0 0 0 0 0 0 0 0 0 0 0 206 14 0 0 0 0 0 0 0 0 0 0 0 0 0 0] err <nil>
[debug] 2024-01-02 12:17:28.4230481 +0800 CST m=+10585.910628001 [0 242 0 0 0 0 0 0 0 0 0 0 0 206 14 0 0 0 0 0 0 0 0 0 0 0 0 0 0] err <nil>
[debug] 2024-01-02 12:17:30.4554581 +0800 CST m=+10587.943038001 [0 243 0 0 0 0 0 0 0 0 0 0 0 206 14 0 0 0 0 0 0 0 0 0 0 0 0 0 0] err <nil>
[debug] 2024-01-02 12:17:32.4970841 +0800 CST m=+10589.984663901 [0 244 0 0 0 0 0 0 0 0 0 0 0 206 14 0 0 0 0 0 0 0 0 0 0 0 0 0 0] err <nil>
[debug] 2024-01-02 12:17:34.5390435 +0800 CST m=+10592.026623301 [0 245 0 0 0 0 0 0 0 0 0 0 0 206 14 0 0 0 0 0 0 0 0 0 0 0 0 0 0] err <nil>
[debug] 2024-01-02 12:17:36.5841003 +0800 CST m=+10594.071680201 [0 246 0 0 0 0 0 0 0 0 0 0 0 206 14 0 0 0 0 0 0 0 0 0 0 0 0 0 0] err <nil>
[debug] 2024-01-02 12:17:38.624887 +0800 CST m=+10596.112466801 [0 247 0 0 0 0 0 0 0 0 0 0 0 206 14 0 0 0 0 0 0 0 0 0 0 0 0 0 0] err <nil>
[debug] 2024-01-02 12:17:40.6588433 +0800 CST m=+10598.146423101 [0 248 0 0 0 0 0 0 0 0 0 0 0 206 14 0 0 0 0 0 0 0 0 0 0 0 0 0 0] err <nil>
[debug] 2024-01-02 12:17:42.6942689 +0800 CST m=+10600.181848701 [0 249 0 0 0 0 0 0 0 0 0 0 0 206 14 0 0 0 0 0 0 0 0 0 0 0 0 0 0] err <nil>
[debug] 2024-01-02 12:17:43.0621257 +0800 CST m=+10600.549705501 [0 0 0 0] err read tcp 172.19.25.64:8088->202.111.152.10:62616: wsarecv: An existing connection was forcibly closed by the remote host.
